55 06 20 10 01
55 06 20 11 02
55 06 20 12 02
55 06 20 13 01
55 06 20 15 05
55 06 20 16 05
55 06 20 17 05
55 06 20 18 05
55 06 20 19 01
55 06 20 1a 01
55 06 20 1b 01
55 06 20 1c 01
55 06 20 1d 01
55 06 20 1f 01
55 06 20 21 01
55 06 20 22 03
55 06 20 23 05
55 06 20 24 06
55 06 20 25 01
55 06 20 26 02
55 06 20 27 02
55 06 20 28 05
55 06 20 29 01
55 06 20 2a 03
55 06 20 2b 01
55 06 20 2c 02
55 06 20 40 02
55 06 20 41 02
55 06 20 42 02
55 06 20 43 02
55 06 20 44 07
55 06 20 45 01
55 06 20 46 01
55 06 20 47 01
55 06 20 48 01
55 06 20 49 01
55 06 20 4a 01